tensor([[-6.3556e-01, -2.4802e+00],
        [ 1.0348e+00,  8.6198e-01],
        [ 1.9796e-01, -5.6544e-01],
        [ 1.3590e+00, -5.6528e-01],
        [-2.2543e-01, -5.2346e-01],
        [ 7.3905e-02, -4.6304e-01],
        [ 9.4583e-01, -1.2153e+00],
        [-6.0832e-01,  2.6861e-01],
        [ 5.9677e-01, -3.3649e-01],
        [-5.5771e-01, -3.5687e-01],
        [ 3.3697e-01,  7.9368e-02],
        [-5.9832e-01, -6.1231e-01],
        [-4.5786e-01,  1.8388e-01],
        [-1.9658e-01,  1.0156e-01],
        [-6.7964e-01, -1.6759e+00],
        [ 1.5378e+00,  1.0416e+00],
        [ 7.0936e-01, -9.8130e-01],
        [-8.3587e-01,  4.2002e-02],
        [ 1.9933e-01, -6.6832e-01],
        [-8.9755e-01, -2.1357e-02],
        [ 6.7658e-01,  3.4265e-01],
        [-6.1672e-01, -1.7742e+00],
        [-2.5260e+00,  7.3798e-01],
        [ 5.0815e-01,  6.5625e-01],
        [ 3.9130e-01, -2.6037e-01],
        [-1.0426e+00, -6.4302e-01],
        [ 1.2195e-01, -6.7169e-01],
        [-5.3828e-01,  2.2578e+00],
        [-9.1279e-03,  1.8921e+00],
        [ 8.4521e-01,  1.2473e+00],
        [-1.5163e-01,  9.8023e-01],
        [ 6.7595e-01, -5.4973e-01],
        [-9.5482e-01,  1.3549e-02],
        [-1.1460e+00, -1.0131e+00],
        [-1.8239e+00,  8.9856e-01],
        [ 2.0850e-01,  1.3779e+00],
        [-5.5730e-01, -1.3403e-01],
        [-1.0323e+00,  1.9480e-01],
        [-6.3220e-02, -1.9054e+00],
        [ 1.5234e+00,  6.9143e-01],
        [ 1.5427e+00,  8.3624e-01],
        [ 1.5742e+00, -1.0072e+00],
        [ 9.8259e-01,  8.1096e-01],
        [ 9.9688e-01, -5.3216e-01],
        [ 1.2640e+00, -1.5361e-01],
        [ 3.7347e-01,  1.0063e+00],
        [ 7.1914e-01, -9.1931e-02],
        [-1.2330e+00,  3.5015e-01],
        [-7.3200e-01, -1.7458e+00],
        [-1.4089e+00, -5.9645e-01],
        [ 5.5655e-01,  1.5542e-01],
        [ 6.7889e-01, -6.5662e-01],
        [-1.3268e-01,  6.7823e-01],
        [ 1.3351e+00,  7.2012e-01],
        [ 4.9441e-01,  1.1885e+00],
        [-1.4580e-01, -2.0282e-01],
        [-7.6667e-01,  9.9022e-01],
        [ 5.2368e-01, -1.2750e+00],
        [ 1.4530e+00,  9.7850e-01],
        [-1.1425e-01, -4.2224e-01],
        [ 8.8820e-01, -7.9364e-01],
        [-3.3972e-01,  2.2327e-01],
        [ 5.5810e-01,  2.5511e-01],
        [-5.8640e-01,  5.5102e-01],
        [-8.2997e-01, -1.9000e+00],
        [-4.7200e-01, -1.0711e+00],
        [ 1.1086e+00,  1.3942e-01],
        [ 7.1253e-01,  9.3495e-01],
        [ 4.5918e-01,  2.6533e-01],
        [ 4.3563e-01,  6.2248e-02],
        [ 1.9602e+00,  2.3866e-01],
        [ 8.8045e-01,  6.5258e-01],
        [ 1.0085e+00, -5.2564e-01],
        [-5.4366e-01, -8.2325e-01],
        [ 2.3867e+00, -5.8306e-01],
        [-1.0971e+00,  1.0817e+00],
        [-5.2690e-01,  1.0951e-02],
        [-5.0457e-02,  4.1460e-01],
        [-1.3148e+00, -1.7543e+00],
        [-9.1167e-01, -1.0148e+00],
        [ 4.5773e-01, -4.8005e-01],
        [-5.8988e-01, -3.8083e-01],
        [ 1.0112e+00, -4.6017e-01],
        [ 3.1349e+00,  1.4360e+00],
        [-1.8204e-01,  4.1774e-01],
        [ 1.6156e-01,  1.5525e+00],
        [ 3.7143e-01, -1.7364e+00],
        [-2.8104e+00, -2.2817e-01],
        [-9.9477e-02,  1.4240e+00],
        [-1.4538e-01, -6.1255e-01],
        [-5.8141e-01, -3.9945e-01],
        [-1.0905e+00, -5.5657e-01],
        [ 1.6070e+00,  3.6330e-04],
        [ 3.3241e-01,  2.7214e+00],
        [ 3.2539e-01,  9.4438e-01],
        [-1.7764e+00,  7.9424e-02],
        [-4.5852e-01,  6.0295e-02],
        [-1.2537e+00, -1.7492e+00],
        [ 7.6833e-01, -5.6421e-01],
        [-2.0369e+00, -1.5858e+00],
        [ 3.9598e-01, -4.4541e-01],
        [ 5.2680e-01, -5.0378e-01],
        [-6.3331e-02, -1.1040e+00],
        [ 1.7406e-01,  1.0574e+00],
        [ 7.5469e-01,  1.5723e+00],
        [ 1.1316e+00, -1.6336e+00],
        [-1.3683e+00,  2.6539e-02],
        [ 6.8697e-01,  1.2960e+00],
        [ 1.1735e+00,  5.3936e-02],
        [ 1.7938e-01,  6.9770e-02],
        [-1.0887e+00, -2.8309e-01],
        [ 1.1713e+00, -7.5917e-01],
        [-1.1646e+00,  6.0814e-01],
        [-7.6011e-01,  8.2458e-01],
        [ 2.1927e-01, -3.9796e-01],
        [ 1.6537e-01, -1.8304e+00],
        [-5.4485e-01,  1.5387e+00],
        [ 4.1691e-02,  1.2131e+00],
        [ 3.4669e-01, -8.7525e-01],
        [-5.1119e-01,  8.8655e-01],
        [-8.7177e-01, -1.0310e+00],
        [ 8.2441e-01, -1.9826e+00],
        [-1.4444e+00, -6.6282e-02],
        [-6.1932e-01, -1.7940e+00],
        [-8.9508e-01,  1.2632e+00],
        [-6.4035e-01,  1.4201e+00],
        [-4.1792e-01,  2.8526e-02],
        [-2.0785e+00, -5.7862e-02],
        [-1.4246e+00,  4.5180e-01],
        [-4.6166e-03,  9.1621e-01],
        [-3.8478e-02,  5.9788e-01],
        [ 1.1538e+00, -8.8848e-01],
        [-1.2472e+00,  3.4259e-01],
        [-4.5903e-02, -1.4850e+00],
        [-5.7223e-01, -2.8214e-01],
        [-8.6974e-01, -1.0609e+00],
        [ 3.4357e-01,  2.3939e-01],
        [-7.3481e-01,  8.4839e-01],
        [-1.2364e-01, -2.6826e-01],
        [ 7.1144e-01, -1.4934e+00],
        [-7.2414e-01, -1.2502e+00],
        [-8.3639e-01, -2.5697e-01],
        [-5.8006e-01,  1.1694e+00],
        [-1.7029e-01, -1.1718e+00],
        [ 6.6442e-01,  2.6810e-01],
        [ 7.8405e-01, -5.2989e-01],
        [ 3.3003e-01,  3.4874e-01],
        [ 4.3460e-02, -1.4101e+00],
        [ 2.9867e-02,  3.4139e-03],
        [ 2.1123e-01, -2.5185e-01],
        [ 4.5691e-01,  3.8488e-02],
        [-6.1401e-01, -1.9841e+00],
        [-2.1336e-01,  3.4984e-01],
        [-5.8930e-01,  9.3047e-01],
        [ 4.7511e-01, -1.3983e-01],
        [ 1.4788e-01, -1.4766e-01],
        [ 4.4045e-01,  8.1161e-02],
        [-1.1253e-01,  3.6327e-01],
        [-5.6853e-01, -1.2413e-01],
        [-5.9666e-01, -1.4249e+00],
        [-4.5026e-01,  3.5187e-01],
        [-1.1737e+00, -1.9795e-01],
        [-5.7251e-01,  1.1388e+00],
        [ 5.1120e-01,  1.0204e+00],
        [ 8.5415e-01,  1.8235e+00],
        [-1.0489e+00, -7.1792e-02],
        [-1.4679e+00,  2.4250e-01],
        [-9.4660e-01,  7.7851e-01],
        [ 1.3491e+00, -7.2295e-02],
        [ 2.1296e-01,  1.3418e+00],
        [ 1.3716e+00,  6.5414e-01],
        [ 7.4226e-01,  1.8490e-01],
        [-7.9049e-01,  8.0881e-01],
        [ 9.1095e-01,  6.2795e-01],
        [-1.5577e+00, -1.6294e+00],
        [ 1.9004e+00,  3.6065e-01],
        [ 1.4863e+00,  1.5499e+00],
        [-7.6305e-01,  1.9469e+00],
        [ 2.1791e-01, -1.4737e+00],
        [ 1.0978e+00,  5.1994e-01],
        [ 2.7829e-01,  6.7742e-01],
        [ 5.0419e-01,  8.7338e-01],
        [-7.4823e-02,  3.1228e-02],
        [ 1.1876e+00, -3.3400e-01],
        [-3.0204e-01, -4.1889e-01],
        [-4.1523e-02,  1.2178e-01],
        [ 5.4536e-01,  7.9327e-01],
        [-8.3943e-01,  2.4162e-02],
        [-4.9716e-01,  6.2880e-01],
        [ 3.8958e-01,  4.9947e-01],
        [-1.9658e+00, -5.5152e-01],
        [ 1.3397e+00, -7.6057e-01],
        [ 7.2940e-01,  8.1579e-01],
        [ 1.2099e+00, -5.8638e-01],
        [ 3.5044e-02,  3.5609e-01],
        [ 7.7136e-01, -8.3215e-02],
        [-3.5455e-01, -3.7949e-01],
        [ 9.0055e-01, -1.2794e+00],
        [-1.3684e-01,  3.8772e-01],
        [-5.2057e-01, -3.5442e-01],
        [ 2.5916e-02,  1.7131e+00],
        [ 1.5328e-01, -1.8059e+00],
        [-4.8241e-01, -1.1456e+00],
        [-8.1878e-01,  1.2654e+00],
        [-1.3794e+00, -1.7572e+00],
        [ 1.0836e+00,  9.5713e-01],
        [-7.0235e-01,  4.4288e-01],
        [-1.3654e+00,  6.8311e-02],
        [-3.2607e-01,  3.1148e-01],
        [-8.9387e-01,  9.6989e-01],
        [ 6.0777e-01,  1.3188e+00],
        [ 4.2931e-01,  2.4102e+00],
        [ 3.6626e-01,  6.3285e-01],
        [ 4.5079e-01,  2.4498e+00],
        [-1.1908e+00,  7.3923e-01],
        [-4.2135e-01, -1.9528e-01],
        [ 2.0980e+00, -5.0255e-01],
        [ 1.2166e+00,  6.1945e-01],
        [ 3.7614e-01,  2.8205e-01],
        [ 2.2432e-01,  1.3985e-01],
        [-3.2219e-02,  5.4881e-01],
        [-6.0595e-01,  4.7848e-01],
        [ 3.1458e-01,  9.5313e-01],
        [-3.0205e-01,  3.7553e-01],
        [ 1.0303e+00,  9.4086e-01],
        [-8.7858e-01, -4.8732e-01],
        [ 7.2225e-01, -9.6711e-01],
        [ 6.2842e-01,  4.4576e-01],
        [-5.6869e-01,  1.1135e+00],
        [ 5.4161e-01, -4.5987e-01],
        [-9.1173e-01, -2.4525e-01],
        [-1.0158e+00,  6.2023e-01],
        [-1.1838e+00,  1.5966e+00],
        [ 1.4917e-01,  5.8055e-01],
        [ 5.6601e-02, -1.3999e+00],
        [ 1.3424e+00, -1.8308e-01],
        [-8.6387e-01, -6.6060e-01],
        [ 2.4702e+00,  2.8052e-01],
        [ 4.9714e-01, -9.2996e-01],
        [ 7.6436e-01, -1.2104e+00],
        [ 7.9919e-01, -3.3973e-01],
        [-4.1153e-02, -1.5573e-01],
        [-3.6252e-01,  1.1839e+00],
        [-2.3299e-01, -3.0001e-01],
        [-2.2312e-01, -8.4914e-01],
        [ 4.8063e-01,  1.7103e-01],
        [-1.6494e+00, -6.7746e-01],
        [ 6.7158e-02, -1.0228e+00],
        [-9.4013e-01,  3.2691e-03],
        [-8.5119e-02,  7.5454e-01],
        [-1.2336e-01, -3.8516e-02],
        [-1.0360e+00, -2.2368e-01],
        [ 1.5313e+00,  1.1466e-01],
        [ 1.0980e+00, -6.5979e-01],
        [-1.4851e+00, -2.2292e+00],
        [-6.0069e-01, -7.3250e-01],
        [-1.4758e+00, -3.9700e-01],
        [-1.0960e+00, -2.3607e-01],
        [-1.2860e+00,  9.4649e-01],
        [ 1.2544e+00,  1.0645e+00],
        [-7.8904e-01, -5.4774e-01],
        [-1.9338e+00, -2.1442e+00],
        [-1.6685e-01, -5.0276e-01],
        [-7.7213e-01, -8.0786e-01],
        [-1.0136e+00, -2.0655e+00],
        [-2.0037e-01, -1.3508e+00],
        [-2.8637e-01, -5.8424e-01],
        [ 1.1258e+00,  3.6007e-02],
        [ 1.7130e-01, -2.1855e-01],
        [ 1.2574e+00,  2.8231e-01],
        [-2.8684e-01,  2.2995e-01],
        [-1.1604e+00,  9.3386e-02],
        [-9.9383e-01,  5.1284e-01],
        [ 1.6989e+00,  7.2281e-01],
        [ 1.8718e-01, -1.4102e+00],
        [-6.0250e-01, -6.9625e-02],
        [-3.1959e-02, -2.2870e-01],
        [-9.7684e-02, -1.9777e+00],
        [ 2.8602e-01,  5.2610e-01],
        [-5.1506e-01, -1.6602e+00],
        [-5.4657e-01, -3.9186e-01],
        [-1.1347e+00,  1.2931e+00],
        [-1.1552e+00,  3.8147e-01],
        [-3.3039e-01,  5.8123e-01],
        [ 1.6527e+00,  9.5725e-02],
        [ 2.0523e-01, -2.0375e-03],
        [ 2.9000e-01,  8.9522e-01],
        [ 6.6981e-01,  1.4878e-01],
        [-1.6446e-01,  5.8388e-01],
        [-2.2410e-01, -4.2561e-01],
        [ 1.4159e-01, -7.1634e-01],
        [ 2.4194e-01,  7.6546e-01],
        [ 1.3549e-01,  2.9932e-01],
        [-7.3321e-01,  4.3966e-01],
        [-6.0335e-01,  8.8779e-01],
        [-8.0213e-01,  1.3831e+00],
        [ 3.8397e-02, -1.9574e-01],
        [ 1.2294e-04,  8.5296e-01],
        [ 3.0083e-01, -8.6717e-01],
        [ 1.7644e+00,  3.3326e-02],
        [ 5.5537e-01, -1.8644e-02],
        [-9.6211e-01, -4.1849e-01],
        [-4.6512e-01, -5.9473e-01],
        [ 5.2176e-02, -1.5813e+00],
        [-7.0509e-02,  1.7725e-01],
        [ 2.6616e+00, -3.3304e-01],
        [ 3.9861e-01,  9.9975e-01],
        [-8.5514e-01, -1.3405e+00],
        [-7.6796e-01, -7.5123e-01],
        [-9.3664e-01, -8.7281e-01],
        [ 1.0044e-01, -2.4359e-01],
        [-3.5695e-01, -1.6514e+00],
        [ 1.0931e+00, -6.6796e-01],
        [-4.1220e-01, -8.8040e-01],
        [ 2.3142e-01,  2.4375e-01],
        [ 1.1884e+00, -1.2440e+00],
        [ 2.3690e-01, -7.7064e-01],
        [ 3.4728e-01, -1.9261e-02],
        [-5.7962e-01, -1.4972e+00],
        [-5.5365e-01, -1.7170e-01],
        [ 4.1358e-01, -1.5734e+00],
        [ 2.4285e+00, -4.2498e+00],
        [ 1.3789e+00, -1.4698e+00],
        [ 5.5609e-01,  2.4381e-01],
        [-9.5450e-01,  1.3401e+00],
        [-1.6282e+00,  1.0440e+00],
        [-2.2008e-02,  2.9031e+00],
        [ 5.3461e-01, -3.5889e-01],
        [ 3.4173e-01,  2.2526e-01],
        [ 1.4735e+00, -5.2255e-01],
        [-2.0437e+00, -2.5803e+00],
        [ 1.4211e-01, -1.2958e+00],
        [-1.5519e+00, -3.8793e-01],
        [ 1.0350e+00, -7.3287e-02],
        [ 7.7009e-01, -1.2817e+00],
        [ 4.2933e-01, -5.7388e-01],
        [ 6.9734e-01,  1.5593e+00],
        [-1.9372e-01,  8.9130e-01],
        [-2.4867e+00, -1.0074e+00],
        [ 1.1585e+00,  1.2823e+00],
        [ 9.3285e-02,  5.6370e-01],
        [ 2.1699e-01, -2.6950e-01],
        [-4.3066e-01, -5.3436e-01],
        [-1.3017e+00,  1.6676e+00],
        [-6.4759e-01, -4.9829e-01],
        [-3.2686e-01,  2.4042e-01],
        [-1.2751e+00,  1.5931e-01],
        [-9.1471e-01, -5.0254e-04],
        [ 1.4767e+00, -9.4286e-01],
        [ 7.0665e-01, -1.2603e+00],
        [-3.6312e-02,  5.7036e-01],
        [-1.0769e+00, -1.3629e+00],
        [-9.6399e-01,  6.3104e-01],
        [ 1.7012e+00,  5.2378e-01],
        [-7.3523e-01, -5.7089e-01],
        [ 9.8770e-01, -8.3178e-01],
        [ 1.4282e-01, -3.5226e-01],
        [-6.5975e-01,  2.5825e-01],
        [-1.3466e+00, -2.2606e-01],
        [-1.5240e-02, -5.3775e-01],
        [-1.1238e+00, -9.1633e-01],
        [-1.1565e+00,  8.0804e-01],
        [ 7.6996e-01,  1.1882e-01],
        [ 2.0407e+00,  1.6790e+00],
        [ 6.7711e-01,  2.8281e+00],
        [-9.5740e-01,  2.0739e-01],
        [-7.4375e-01,  1.4445e+00],
        [ 6.2437e-01,  1.9727e+00],
        [-7.5696e-03, -2.3835e-01],
        [-1.7042e+00, -1.3637e-01],
        [-4.0559e-01,  1.1573e+00],
        [-2.6294e-01, -6.7866e-01],
        [-6.0012e-02,  2.6146e-01],
        [ 4.0377e-01, -2.1597e+00],
        [-1.5113e+00,  1.2419e+00],
        [ 2.0061e+00, -4.8399e-01],
        [ 2.2388e+00, -4.3487e-01],
        [ 8.7813e-01,  1.5461e+00],
        [ 6.8603e-01, -9.5532e-01],
        [ 1.1585e-01,  8.2266e-01],
        [-5.2353e-01, -3.0848e-01],
        [-3.1602e-01,  8.0377e-01],
        [-2.9647e-01, -5.0575e-01],
        [-6.4391e-02, -6.4877e-01],
        [ 3.8168e-01,  9.3713e-01],
        [ 6.6055e-01, -2.1784e-01],
        [-5.5239e-01,  1.8306e+00],
        [-6.2281e-01,  2.8436e-01],
        [-5.9536e-01,  1.8653e+00],
        [ 7.4546e-01, -9.7034e-01],
        [ 3.1728e-01, -4.0805e-01],
        [ 2.5765e-02, -4.9519e-01],
        [-3.8833e-01, -7.3816e-02],
        [-1.2031e+00,  7.0134e-01],
        [ 3.4137e-01, -7.4869e-01],
        [ 8.1527e-01, -1.1175e-01],
        [ 2.8145e-01,  1.2907e+00],
        [-1.0600e+00,  1.8865e+00],
        [ 5.8650e-01,  3.2407e-01],
        [-8.0286e-01,  5.9748e-01],
        [-2.6808e-01, -9.0286e-01],
        [ 1.0258e+00,  8.1404e-01],
        [-8.3660e-02, -2.7195e-01],
        [ 5.2362e-01, -6.9375e-01],
        [-1.1367e+00,  1.3468e-02],
        [-1.3600e-01, -2.2212e+00],
        [ 1.2527e-02, -2.2481e-02],
        [ 4.1089e-01, -1.2342e+00],
        [ 1.2935e+00,  1.7749e+00],
        [-1.7496e-01,  4.7527e-01],
        [-1.3697e+00, -1.8688e+00],
        [ 1.1414e+00, -1.2445e+00],
        [-1.6540e-01,  3.0189e-01],
        [-1.3620e-01,  5.1097e-01],
        [-9.1867e-01, -1.2275e-01],
        [-9.5746e-01, -4.3696e-01],
        [ 1.7750e+00, -7.4759e-02],
        [-5.9948e-01, -3.9184e-01],
        [ 8.1120e-01, -7.0015e-01],
        [-1.0758e+00,  4.8336e-01],
        [-8.1740e-01, -1.5216e+00],
        [-4.6602e-01,  1.8576e+00],
        [-9.3863e-01,  1.7219e+00],
        [ 8.1853e-01,  1.2299e+00],
        [ 7.4315e-01,  1.2462e-01],
        [ 8.3702e-01, -9.8983e-01],
        [-1.0944e+00, -5.8524e-01],
        [ 3.6857e-01,  2.0139e-01],
        [ 1.6146e+00, -4.2749e-01],
        [-2.1919e+00, -2.0643e-02],
        [-2.4404e-01, -5.1279e-01],
        [ 1.3053e+00,  2.5117e+00],
        [-4.2514e-01,  1.2697e+00],
        [-2.7072e+00,  2.3074e-01],
        [-8.9378e-01,  1.7265e+00],
        [ 1.8980e-01,  7.7688e-01],
        [ 1.0392e+00,  9.1076e-01],
        [-1.0401e-02,  1.9008e+00],
        [ 2.1361e-01,  1.0647e-01],
        [-1.6343e+00, -2.8494e-01],
        [-1.1609e+00,  1.6155e-01],
        [-1.1862e+00,  5.9104e-01],
        [-1.2835e+00,  6.5433e-01],
        [-7.4390e-01,  5.9049e-01],
        [ 1.3631e+00,  1.0644e+00],
        [ 3.2040e-01, -5.0936e-01],
        [ 4.6607e-02,  2.5619e+00],
        [ 3.1971e-01,  2.0761e+00],
        [-1.3262e+00,  3.2886e-01],
        [ 2.2048e-01, -1.4429e+00],
        [ 1.2144e+00, -9.0167e-01],
        [ 6.4358e-01, -1.0389e+00],
        [ 1.3985e-02, -7.0098e-02],
        [ 2.4377e-01,  7.5508e-03],
        [ 6.3147e-01, -9.2817e-02],
        [-7.4292e-01, -1.3222e-01],
        [ 7.3958e-01, -3.0712e-01],
        [-3.1657e-01, -8.4091e-01],
        [ 3.8177e-02, -1.1381e+00],
        [ 3.5016e-01, -2.2195e+00],
        [-1.0771e-01, -8.6701e-01],
        [ 5.8112e-02, -4.2510e-01],
        [-2.4445e-01,  1.1167e+00],
        [ 1.5075e+00,  1.1597e-01],
        [ 3.4534e-01, -1.4278e-01],
        [ 1.3615e+00,  1.3253e-01],
        [-7.9897e-01, -2.1689e-01],
        [ 6.3221e-01, -2.5121e-01],
        [-7.2095e-01, -1.7112e+00],
        [-5.1152e-01, -4.2691e-01],
        [ 7.9407e-01, -4.5605e-01],
        [-7.9869e-01, -2.2695e-01],
        [ 2.5166e-01,  5.2211e-01],
        [ 5.0353e-02,  3.5140e-01],
        [-2.6571e+00, -3.0350e+00],
        [ 1.4157e+00,  5.2229e-01],
        [ 1.4257e-01, -1.1365e+00],
        [-5.3995e-01,  1.1497e-01],
        [-5.3432e-01,  1.9217e+00],
        [-9.4093e-01, -1.9809e+00],
        [-7.2690e-01, -2.8709e-01],
        [-4.3268e-01,  7.9643e-01],
        [ 1.7098e-01, -1.3921e+00],
        [ 1.6132e+00,  1.4802e-01],
        [-1.5758e+00,  3.0248e-01],
        [-1.0299e+00,  2.6450e+00],
        [-3.5623e-01,  1.4783e+00],
        [-1.2942e+00,  1.9300e+00],
        [-3.3513e-03, -8.4379e-01],
        [ 1.3175e+00, -7.5001e-01],
        [-9.4239e-01, -9.7288e-01],
        [ 1.6280e-01, -1.7136e+00],
        [ 4.8663e-02,  2.2911e-01],
        [ 6.5778e-01, -8.8155e-01],
        [-3.7737e-01, -9.3309e-01],
        [ 1.1748e+00, -4.2792e-01],
        [ 1.0028e+00,  2.7905e-01],
        [-8.5299e-02,  1.1527e+00],
        [-1.2692e+00,  7.1252e-01],
        [ 1.8027e+00, -7.3675e-01],
        [-9.4973e-01, -4.1483e-01],
        [-1.4142e+00,  9.1105e-01],
        [ 7.5511e-01,  5.2187e-01],
        [ 1.1275e+00, -9.7631e-01],
        [-8.7012e-01, -3.6827e-01],
        [-9.7201e-01, -4.0184e-01],
        [-5.5443e-01, -2.7246e-01],
        [-1.0209e+00,  5.1042e-01],
        [ 1.1067e+00,  5.6185e-01],
        [ 6.2716e-01,  8.4034e-01],
        [ 9.6776e-01,  9.8819e-01],
        [-4.9457e-01,  3.9258e-01],
        [-8.3595e-01,  2.6737e-01],
        [-7.4460e-01,  2.1482e-01],
        [-2.1396e-01,  3.3458e-01],
        [ 1.1991e+00, -3.4410e-01],
        [ 9.4779e-01, -5.0233e-01],
        [-3.6435e-01,  1.8161e-01],
        [ 7.2372e-01, -7.2494e-02],
        [-7.0168e-01, -2.2136e-01],
        [ 8.7202e-01,  3.6762e-01],
        [-4.5705e-02, -9.9879e-01],
        [ 8.5919e-01, -6.5042e-01],
        [ 3.5418e-01, -3.2270e-01],
        [-2.2169e-02, -5.8154e-01],
        [ 7.0569e-01, -5.0607e-01],
        [ 9.3888e-02,  1.0197e+00],
        [ 3.9851e-01, -5.4516e-01],
        [ 2.1140e+00, -2.1803e-01],
        [-1.2516e+00,  8.7211e-01],
        [ 1.1353e+00,  3.6895e-01],
        [-1.0595e+00, -1.4281e-01],
        [ 1.2840e-01,  1.9785e+00],
        [-1.7440e+00, -6.4140e-01],
        [ 1.5347e+00, -2.0834e-01],
        [-1.5339e-01,  6.1456e-01],
        [ 4.2912e-01, -7.2396e-01],
        [-3.5549e-01,  2.0773e-01],
        [-1.3624e+00, -1.1817e+00],
        [ 9.5151e-01,  1.0206e+00],
        [ 2.4944e+00,  4.0732e-01],
        [ 6.1910e-01, -3.9330e-01],
        [-1.0701e+00,  2.6961e+00],
        [-2.3732e-01,  4.1037e-02],
        [ 1.4232e-01, -1.8142e-01],
        [ 1.5332e-01,  2.6483e-01],
        [ 6.8969e-01,  1.8755e+00],
        [-7.8694e-01, -8.3007e-02],
        [-8.4852e-01, -1.0426e+00],
        [ 1.5843e-01,  6.0483e-01],
        [-3.4449e-01, -7.8975e-01],
        [-2.3275e-01,  8.3546e-01],
        [-4.3637e-01, -5.3237e-02],
        [-1.9034e-02,  1.2800e+00],
        [-9.7411e-01,  1.9975e+00],
        [ 9.9342e-01, -1.0404e-01],
        [ 7.4122e-01, -5.7920e-01],
        [ 1.0122e+00, -1.5827e+00],
        [-1.2007e+00,  4.8115e-01],
        [ 1.1984e-01,  4.8148e-01],
        [ 1.9389e+00,  1.0259e+00],
        [ 1.2334e-01, -6.2516e-01],
        [ 8.0216e-01,  1.2285e-01],
        [ 9.7156e-01,  1.1349e+00],
        [-3.3552e-01, -1.4304e+00],
        [-7.5411e-01,  2.7122e-01],
        [ 1.3736e+00,  7.8172e-01],
        [ 4.1925e-01, -2.0383e-02],
        [-2.6566e-01, -1.6399e-01],
        [ 7.4952e-01, -2.7668e-01],
        [-7.1238e-01,  2.4632e+00],
        [-3.8868e-01,  1.0642e-01],
        [-1.3933e+00, -8.5922e-01],
        [-6.2666e-01, -6.7944e-01],
        [ 3.5406e-01, -1.3877e-01],
        [ 3.2532e-01,  7.0610e-01],
        [-2.8685e-01, -1.7725e+00],
        [ 4.5562e-01,  3.7169e-01],
        [-6.3983e-01,  6.1692e-01],
        [-4.0900e-01,  1.4138e+00],
        [-2.8480e+00, -9.5076e-01],
        [-6.4821e-01,  1.2004e+00],
        [-6.1401e-02, -1.1867e+00],
        [ 1.6984e-01,  1.4997e+00],
        [ 3.3209e-01, -6.9257e-01],
        [ 2.1125e+00,  1.0771e+00],
        [-1.2920e+00, -7.5269e-01],
        [ 9.2608e-01, -5.4072e-01],
        [-7.4834e-01, -2.6032e-01],
        [ 9.5913e-01, -6.9171e-01],
        [-1.8483e-01, -5.2231e-01],
        [-3.1425e-01,  4.4558e-01],
        [ 1.2674e-01,  1.8540e-01],
        [-1.0216e+00, -2.2967e-04],
        [-1.9157e-01, -9.6045e-01],
        [-8.8528e-01, -1.0253e+00],
        [-7.2613e-01,  2.3334e+00],
        [ 7.3466e-01,  8.6184e-01],
        [-6.5342e-01,  7.7573e-01],
        [-2.6283e+00, -6.4859e-01],
        [-4.8031e-01,  1.3098e-01],
        [-5.7399e-01,  2.3614e-02],
        [ 1.5577e-01,  3.8813e-01],
        [-4.3947e-01,  2.1035e-01],
        [ 2.4875e+00,  7.7014e-01],
        [-5.6061e-01,  3.4362e-01],
        [ 8.7809e-01, -4.5122e-01],
        [ 5.5629e-01, -9.7805e-01],
        [-1.6916e-01, -7.4468e-01],
        [ 4.9330e-02, -1.0301e+00],
        [ 6.4563e-01,  2.4239e+00],
        [ 7.6802e-01, -2.7223e-01],
        [ 2.2760e+00, -8.5541e-01],
        [ 9.5019e-01, -1.5548e-01],
        [-1.1028e+00, -1.0318e+00],
        [-7.8075e-01,  2.2830e+00],
        [-1.4861e+00,  1.9143e+00],
        [-9.1389e-01, -3.5371e-02],
        [-4.2440e-01,  5.2934e-01],
        [ 2.8560e-01, -1.7514e+00],
        [ 4.0673e-01, -1.5884e+00],
        [ 1.2686e+00, -8.6137e-01],
        [ 7.6577e-01, -1.1223e+00],
        [-8.6623e-01,  1.9618e-01],
        [ 6.4293e-01, -1.3665e+00],
        [ 5.4503e-01, -1.3149e+00],
        [-1.6376e+00, -1.2775e+00],
        [-1.8789e+00,  1.5945e+00],
        [ 9.7650e-01, -7.7899e-01],
        [ 1.5256e+00, -3.8557e-01],
        [ 8.5519e-01,  5.8811e-02],
        [ 5.2530e-01, -8.2834e-01],
        [-1.5475e+00, -1.2793e+00],
        [ 7.8062e-01,  7.2538e-01],
        [-6.9455e-01,  1.3673e+00],
        [-1.1411e+00, -1.5364e+00],
        [ 1.0752e+00,  1.3745e+00],
        [-3.5188e-01, -1.6042e+00],
        [ 8.1647e-01, -1.5099e+00],
        [-5.7353e-01,  5.1893e-01],
        [ 2.0432e+00, -2.1375e+00],
        [ 1.7901e-01, -2.7990e-01],
        [-2.2054e+00, -7.4218e-01],
        [ 1.1684e+00, -6.4455e-01],
        [-1.8278e-01, -1.2256e+00],
        [-2.8624e-02,  2.3937e+00],
        [ 6.3772e-01, -1.7974e-01],
        [-2.6859e-01, -5.3000e-01],
        [-4.7725e-01, -5.7435e-01],
        [-4.2783e-01,  1.5932e+00],
        [ 1.3427e+00, -1.0948e+00],
        [ 7.5758e-01, -1.1720e+00],
        [-7.9072e-01,  3.4338e-01],
        [-1.6409e+00,  1.2429e+00],
        [-1.4749e-01, -1.5866e+00],
        [-5.8096e-01,  6.4782e-01],
        [-1.3131e-01,  5.6671e-01],
        [-9.1891e-01, -1.0438e+00],
        [-2.0835e-01,  1.3103e+00],
        [ 7.1091e-01, -2.5975e-01],
        [-6.6475e-01,  5.5355e-01],
        [-8.9343e-01, -1.1468e+00],
        [ 1.6786e+00, -6.3980e-01],
        [ 5.9358e-01, -2.6679e+00],
        [-3.9883e-02, -5.9872e-02],
        [-7.1745e-02, -3.1943e-01],
        [ 3.8834e-01,  8.7484e-01],
        [ 1.6101e+00, -4.4271e-01],
        [ 2.9653e+00,  7.8466e-01],
        [ 1.8829e-02,  7.2638e-01],
        [-6.0408e-02, -1.0100e+00],
        [-1.1691e+00,  9.9310e-01],
        [-4.7698e-01, -1.7187e+00],
        [ 1.3071e+00,  4.4709e-01],
        [-9.9644e-01,  9.1846e-01],
        [-3.5051e-01,  6.5862e-01],
        [-5.5346e-01, -2.3313e-01],
        [ 2.2945e-01,  5.3334e-01],
        [-5.2093e-01, -4.6634e-01],
        [-2.6999e-01,  1.1424e+00],
        [-8.5561e-01,  3.9359e-01],
        [ 5.9404e-01,  5.4361e-01],
        [-5.4288e-01,  2.0731e-01],
        [-8.8949e-01,  9.8332e-01],
        [-9.8777e-01,  4.5455e-01],
        [ 1.1545e+00,  1.2177e+00],
        [-1.9503e+00, -6.8415e-01],
        [-5.1343e-01, -2.2023e+00],
        [ 7.2877e-01, -1.3361e+00],
        [ 1.2403e+00,  9.8114e-02],
        [-3.9071e-01,  1.6654e+00],
        [ 1.9367e-01,  1.0012e+00],
        [ 7.2986e-01,  9.4231e-01],
        [ 1.7762e+00,  3.6711e-01],
        [ 1.8792e+00, -2.8174e-01],
        [ 4.5055e-01, -6.6666e-01],
        [-2.4550e+00, -2.2772e-01],
        [ 7.2522e-02, -2.2858e-02],
        [ 8.7924e-01, -1.3260e+00],
        [ 4.6315e-01,  6.6723e-01],
        [-1.5404e+00,  1.2128e+00],
        [-1.5182e-03,  2.2703e+00],
        [ 7.9958e-01, -4.3773e-02],
        [ 5.9441e-01, -1.0453e+00],
        [-2.9087e-01, -1.5132e-01],
        [ 1.5142e+00,  9.1380e-01],
        [ 7.6789e-01,  1.4207e+00],
        [-6.5572e-01, -1.1921e+00],
        [ 1.1840e-01, -7.1895e-02],
        [ 6.3808e-01, -6.7496e-01],
        [ 3.2368e-01,  6.2257e-01],
        [-1.1637e-01,  1.1630e+00],
        [-1.4748e+00, -6.0190e-01],
        [-7.7855e-02,  1.6659e+00],
        [-3.1864e-01, -1.2579e+00],
        [ 2.9460e-01,  4.1205e-01],
        [-1.3939e-01, -1.1102e+00],
        [ 6.8595e-01,  7.2388e-01],
        [-1.3699e+00,  1.1854e+00],
        [ 1.2242e+00, -1.8835e+00],
        [ 1.3966e+00, -1.8421e-02],
        [-1.2969e+00, -1.1293e+00],
        [-2.4804e-01,  5.9071e-01],
        [ 7.5011e-01, -1.3007e+00],
        [ 2.6166e-01,  1.2818e+00],
        [-2.7046e-01,  1.7632e-01],
        [-4.8267e-02,  1.2974e-02],
        [-1.4512e+00, -1.0464e+00],
        [ 4.7362e-01, -1.0685e-01],
        [ 2.1526e+00, -1.2141e+00],
        [-2.2557e+00, -1.3853e+00],
        [-7.9346e-01,  8.3285e-01],
        [-1.8786e+00,  3.8604e-01],
        [-1.9608e-01,  1.3842e+00],
        [ 1.2720e+00,  2.3043e-01],
        [ 1.7058e+00, -2.6527e-01],
        [-5.7898e-01, -6.9849e-01],
        [-9.6907e-01,  1.9695e-01],
        [ 8.2509e-01, -3.3579e-01],
        [-7.8239e-01,  4.1071e-01],
        [-9.2955e-01,  2.8307e-01],
        [ 5.9105e-02, -2.0025e-01],
        [ 1.2163e+00,  2.1536e+00],
        [ 7.7162e-01, -1.2874e+00],
        [-2.1959e+00,  1.7888e+00],
        [ 1.3851e+00,  4.3119e-01],
        [-2.7274e-01, -6.3101e-02],
        [-4.4579e-02, -1.1709e+00],
        [-1.1979e+00, -1.6824e-01],
        [-6.2867e-01, -4.3266e-01],
        [ 1.6849e+00, -6.6195e-01],
        [ 2.3993e+00, -1.2357e+00],
        [-1.2675e+00, -7.8120e-01],
        [-2.2687e-01, -1.5004e+00],
        [ 1.0633e+00, -2.1017e-01],
        [-2.2336e-01, -3.4033e-01],
        [-1.2199e+00,  1.0147e+00],
        [-2.5948e-02,  1.8770e+00],
        [ 7.3285e-01,  2.3686e-01],
        [-2.0589e+00, -2.0383e+00],
        [ 1.1458e+00,  1.1488e+00],
        [ 1.4337e+00,  1.4378e+00],
        [-5.7257e-01,  9.8843e-01],
        [-8.3060e-02,  1.3407e-01],
        [ 9.9296e-01, -1.2485e+00],
        [-9.5746e-01, -1.6708e-01],
        [ 1.1752e+00, -1.2894e+00],
        [ 7.6550e-01,  1.1554e+00],
        [-1.8160e+00, -1.8734e+00],
        [ 1.1259e+00, -7.9851e-01],
        [ 8.7854e-01,  1.4764e-01],
        [ 1.3780e+00,  6.7000e-01],
        [-4.7225e-01,  1.5271e+00],
        [ 1.0041e+00,  1.5702e-01],
        [-1.9596e+00,  1.2337e-01],
        [-3.5858e-01, -4.4522e-01],
        [-9.3900e-01,  6.5681e-01],
        [ 5.7479e-01,  1.5851e-01],
        [-1.7240e+00, -2.2349e+00],
        [ 3.6419e-02,  8.6891e-01],
        [-6.0168e-01, -2.4094e-01],
        [ 5.0243e-01,  1.6107e+00],
        [-9.9158e-01, -3.5272e-01],
        [ 2.0631e+00,  8.6951e-02],
        [ 9.2704e-01,  5.7664e-01],
        [-7.2886e-01, -1.0578e+00],
        [-6.7746e-01, -6.2214e-01],
        [ 1.4303e-01,  2.4586e+00],
        [ 3.2478e-01, -4.6781e-01],
        [ 4.8972e-01, -1.8902e+00],
        [ 4.5438e-01, -4.3820e-01],
        [ 1.3212e+00,  1.7606e+00],
        [ 7.8988e-01, -2.0862e+00],
        [-1.7663e-01, -1.5985e+00],
        [-2.3386e-01, -2.7999e-01],
        [-6.6905e-01,  4.4786e-01],
        [ 3.2998e-02, -1.8016e+00],
        [-2.3360e-03, -2.5459e-02],
        [ 5.9161e-01, -4.3757e-01],
        [-8.1635e-01,  4.1001e-01],
        [ 1.5690e+00, -6.6307e-01],
        [-1.3200e+00, -4.5168e-01],
        [ 6.0858e-01,  7.9135e-01],
        [ 2.7285e-01, -4.3904e-01],
        [ 1.0235e-01,  1.9535e+00],
        [-3.3641e-01, -2.1144e+00],
        [ 1.1604e+00,  6.7103e-01],
        [ 9.8087e-01,  8.8923e-01],
        [ 3.8594e-01, -6.1296e-01],
        [ 1.9349e+00, -1.2032e+00],
        [ 5.1628e-02,  7.1319e-01],
        [-1.0724e+00, -9.3235e-01],
        [ 5.2581e-01,  1.2756e+00],
        [-1.3194e+00, -1.4633e+00],
        [ 4.1760e-01,  1.4479e+00],
        [-1.4082e+00, -1.2709e-01],
        [-3.5509e-01, -6.9975e-01],
        [-1.0550e+00, -5.3522e-01],
        [-4.9222e-01, -8.1851e-01],
        [ 2.3632e+00,  5.1674e-01],
        [-6.6353e-01,  4.6217e-01],
        [ 1.0104e+00, -2.0580e+00],
        [-9.0860e-01, -1.9268e+00],
        [ 1.0908e-01,  2.6912e+00],
        [-2.6131e-01,  1.6450e-01],
        [-3.0436e-01, -1.1979e+00],
        [-3.1824e-01, -2.9650e-01],
        [ 1.9183e+00, -3.0602e-01],
        [ 5.9750e-01,  1.4413e+00],
        [-6.4332e-01, -9.5695e-01],
        [ 2.7444e-01, -6.1967e-01],
        [ 3.8515e-01,  9.4973e-01],
        [-7.5815e-01, -1.2950e+00],
        [-7.5407e-01, -1.8288e+00],
        [-1.2671e+00,  2.5757e-01],
        [ 5.0589e-01,  5.1019e-01],
        [-8.0236e-01, -1.0654e-01],
        [ 2.1891e-01, -6.9201e-01],
        [-1.2571e+00,  8.6584e-01],
        [ 1.8534e+00, -2.2435e-01],
        [-8.0228e-01,  2.4837e+00],
        [ 3.4128e-01, -2.1859e+00],
        [ 1.7159e-01,  9.8329e-01],
        [-1.5199e+00, -2.7809e-01],
        [-1.4618e+00,  8.1157e-01],
        [-1.4748e+00, -1.5532e+00],
        [ 1.0707e+00, -5.3863e-01],
        [-3.3108e-01,  1.9669e+00],
        [ 6.7658e-01, -6.3652e-01],
        [ 8.3875e-01,  6.8914e-01],
        [-2.5899e-01, -1.5467e+00],
        [ 1.7939e+00,  8.0681e-01],
        [ 6.8966e-01, -7.3077e-01],
        [-1.6254e+00, -7.4226e-01],
        [-8.1872e-01,  2.1993e-01],
        [ 1.0527e+00,  1.7580e+00],
        [-8.8435e-01,  1.7848e+00],
        [ 5.3800e-01, -3.8496e-01],
        [-6.2525e-01, -1.2875e-01],
        [-2.4203e+00,  9.5342e-01],
        [ 6.3765e-01, -4.1401e-01],
        [-1.5170e+00,  1.0179e+00],
        [ 9.2662e-02, -1.0978e+00],
        [ 6.8806e-02, -8.3789e-01],
        [ 1.6948e-01, -5.8767e-01],
        [ 6.8417e-01,  6.2971e-01],
        [ 4.3561e-03, -2.1883e+00],
        [ 7.1474e-01,  6.8376e-01],
        [ 9.5524e-01,  1.6718e+00],
        [ 1.8941e+00, -1.1748e+00],
        [-9.3996e-01, -4.9617e-01],
        [-3.4793e-01, -1.2956e+00],
        [-4.3863e-01, -5.1161e-01],
        [-7.8157e-01, -9.2722e-01],
        [ 2.3983e-01, -1.6886e-02],
        [-7.4725e-01,  3.3634e-01],
        [ 2.3592e+00,  9.8041e-02],
        [-7.1661e-01, -1.0485e+00],
        [ 7.0401e-02,  4.3331e-01],
        [ 9.5567e-01, -5.9611e-02],
        [ 9.5336e-01,  3.0374e-01],
        [ 1.0575e+00, -7.8516e-02],
        [ 2.6169e+00,  1.7427e+00],
        [ 2.1425e-01,  6.2601e-03],
        [ 3.9329e-01,  4.1770e-01],
        [-9.2651e-01, -1.4292e-01],
        [ 5.6260e-01,  8.6537e-02],
        [ 9.4302e-01, -5.5573e-01],
        [ 3.9537e-03,  9.5494e-01],
        [ 5.6745e-01, -3.7834e-01],
        [ 4.7374e-02,  1.1431e+00],
        [ 4.5556e-01,  1.4315e+00],
        [-1.4938e+00, -4.0434e-01],
        [ 9.5157e-01, -2.5724e-01],
        [ 5.1437e-01,  4.4015e-01],
        [ 2.4862e-01,  4.0876e-01],
        [ 9.4383e-02,  5.7925e-01],
        [-1.6258e+00, -1.7639e-01],
        [-5.3330e-01, -1.1139e+00],
        [ 2.6643e-01,  1.1014e+00],
        [-2.0010e+00, -4.3002e-01],
        [-1.6734e-01, -2.0847e-02],
        [ 2.0110e+00, -1.3427e+00],
        [ 1.0712e-01,  4.2649e-01],
        [ 4.1907e-01,  6.9244e-01],
        [-1.4960e-01,  1.7269e+00],
        [-6.5187e-01,  8.0032e-01],
        [ 8.2303e-01, -1.6138e+00],
        [ 2.2094e-01, -2.0151e-01],
        [ 4.5287e-01, -5.9912e-01],
        [-1.5999e+00, -1.8252e+00],
        [ 1.2599e+00, -1.2942e+00],
        [-5.1375e-01,  2.0212e+00],
        [-5.0951e-01,  4.5586e-01],
        [-1.8283e+00, -6.4406e-01],
        [-1.6758e+00,  9.4395e-01],
        [-7.5656e-01, -1.3354e+00],
        [-5.5753e-02, -7.2513e-01],
        [-6.5667e-01,  5.8442e-01],
        [-3.9631e-01, -3.0325e-01],
        [-3.4754e-01, -1.0440e-01],
        [-1.0425e+00, -6.1232e-01],
        [ 5.0358e-01,  2.7111e+00],
        [ 6.3912e-01, -4.0014e-01],
        [ 9.8170e-01,  1.3889e-01],
        [-1.2543e+00,  1.0625e-01],
        [ 8.7529e-01, -5.6088e-01],
        [ 7.9400e-01,  1.7687e-01],
        [ 4.2369e-01, -7.0659e-01],
        [-4.9938e-01, -5.1304e-01],
        [-5.2000e-01,  8.8957e-01],
        [-9.8110e-01, -9.8434e-01],
        [ 5.2470e-01,  8.8809e-01],
        [ 3.8343e-01,  1.0894e+00],
        [ 1.8572e-02,  1.4861e-01],
        [-6.5098e-01,  2.1753e-01],
        [-3.3096e-02,  1.2336e-02],
        [-9.0904e-01, -6.2542e-01],
        [-1.2338e+00,  1.5835e+00],
        [ 6.2123e-01, -2.4864e-01],
        [ 6.1475e-01, -1.1900e-01],
        [ 1.4467e+00,  6.8703e-01],
        [-9.1494e-01,  7.6141e-01],
        [-1.1266e+00,  2.1367e+00],
        [-8.6075e-02,  2.9070e-01],
        [ 1.3768e+00,  5.8678e-01],
        [ 9.0646e-01,  9.6398e-01],
        [-2.5327e-01, -6.4652e-01],
        [-9.5650e-01, -1.1812e+00],
        [ 6.4307e-02,  1.5674e+00],
        [ 8.8266e-01,  2.0072e-01],
        [ 3.1537e-01,  1.5472e+00],
        [-1.0032e+00, -1.1261e-01],
        [ 3.8304e-01, -1.1909e-01],
        [ 1.0746e+00,  1.4246e-03],
        [ 1.7337e+00, -3.4404e-01],
        [ 5.5040e-01, -1.7271e-01],
        [-2.2532e+00,  1.0288e+00],
        [-7.4087e-03,  1.8129e-01],
        [-3.4942e-01, -2.4608e+00],
        [-1.4589e+00,  2.1556e+00],
        [ 1.8067e+00, -7.6470e-01],
        [ 5.8472e-01, -8.8681e-01],
        [-4.3564e-01, -1.1827e+00],
        [ 3.6271e-01,  3.0034e-01],
        [ 1.0677e+00, -9.4708e-01],
        [ 2.2985e+00,  3.7576e-01],
        [ 2.0747e-01, -1.0533e+00],
        [ 7.9419e-01, -4.0619e-01],
        [ 3.7817e-01, -5.9929e-01],
        [ 2.9817e+00, -1.3992e+00],
        [ 6.2875e-01, -5.4647e-02],
        [ 5.1967e-01,  1.3802e+00],
        [-9.2335e-01,  6.9223e-01],
        [ 5.8388e-01,  2.5980e-01],
        [-5.4743e-01,  8.1835e-01],
        [ 3.6537e-01,  6.4207e-01],
        [ 1.6488e-01,  6.1430e-01],
        [ 1.0051e+00,  2.3651e+00],
        [-1.8745e+00,  4.4874e-01],
        [ 2.7903e+00,  1.0840e+00],
        [ 7.8847e-01, -1.4336e+00],
        [ 9.2434e-01, -9.5850e-01],
        [-1.8774e+00, -3.2203e-01],
        [ 1.3360e+00,  9.2223e-01],
        [ 7.8118e-01,  7.8754e-01],
        [-5.9598e-01, -2.2461e+00],
        [-1.6837e+00, -1.2426e-01],
        [-1.1872e-01, -8.7863e-01],
        [ 3.4915e-01,  6.2897e-01],
        [-1.0636e+00, -8.9108e-01],
        [ 3.0536e-02, -3.2107e-01],
        [-9.4029e-01,  1.4899e-01],
        [-3.8720e-02,  1.0185e+00],
        [-7.4477e-01,  4.0349e-01],
        [ 4.9617e-01, -1.5392e+00],
        [ 6.0463e-01,  1.9585e+00],
        [-9.6908e-01,  8.5274e-01],
        [-1.4021e+00, -1.4873e+00],
        [-7.7272e-02, -7.0092e-01]], dtype=torch.float64)